michkor_anova_drug <- c("Fosl2",
  "Egr2",
  "Fosb",
  "Cdkn1a",
  "Homer1",
  "Sgk1",
  "Shisa2",
  "Plin4",
  "Crem",
  "Egr4",
  "Csrnp1",
  "Fos",
  "Dusp14",
  "Areg",
  "Arc",
  "Polr3e",
  "Sult1a1",
  "Cdkn1a",
  "Dusp1",
  "Junb",
  "Arrdc2",
  "Mfsd2a",
  "Acer2",
  "Itgad",
  "Npas4",
  "Midn",
  "Map3k6",
  "8430408G22Rik",
  "Slc2a1",
  "Tnfrsf25",
  "Errfi1",
  "Nostrin",
  "Gch1",
  "Sik2",
  "Nfil3",
  "Trove2",
  "Ddit4",
  "Mest",
  "Tsc22d3",
  "Angptl4",
  "Dnajb5",
  "Egr3",
  "Txnip",
  "Mrpl15",
  "Gadd45g",
  "Fkbp5",
  "Hif3a",
  "Spsb1",
  "Gpr3",
  "Ppp1r3g",
  "Pla2g3",
  "Egr1",
  "Clvs1",
  "Hbegf",
  "Dusp4",
  "Pkp2",
  "Sertad1",
  "Hes5",
  "ENSMUSG00000087566",
  "Nrp1",
  "Pdk4",
  "Pim3",
  "Xdh",
  "Cirbp",
  "Tnfrsf12a",
  "Crem",
  "Dusp4",
  "Btrc",
  "Plekhf1",
  "Pglyrp1",
  "Stab1",
  "P2ry13",
  "Zfp189",
  "Klf9",
  "Mesdc1",
  "Lrrtm1",
  "Per1",
  "Srxn1",
  "Arid5b",
  "Car12",
  "Nanos2",
  "Adipor2",
  "Grasp",
  "Baiap2",
  "Dnd1",
  "Plekhg4",
  "Dusp5",
  "Gjb6",
  "Insl6",
  "Ppp1r3c",
  "Arid5a",
  "Stk40",
  "Per2",
  "Ppapdc2",
  "Gm9895",
  "Plat",
  "Fam120b",
  "Cd200",
  "BC031353",
  "Dusp12",
  "2410131K14Rik",
  "Bcl6",
  "Dnajb1",
  "Sox18",
  "Rnd3",
  "Rasl11a",
  "Crem",
  "9830001H06Rik",
  "Rhou",
  "Camk1g",
  "Pnpla2",
  "Iqcb1",
  "Rad52",
  "Tsc22d3",
  "Per1",
  "Grm4",
  "Bhlhe40",
  "Slc25a25",
  "Hsd17b12",
  "Jhdm1d",
  "Fam123a",
  "Ccrn4l",
  "Scg2",
  "Cul3",
  "Arrdc4",
  "Odf2",
  "1700093K21Rik",
  "Josd1",
  "Spink8",
  "9230110K08Rik",
  "Atf3",
  "P4ha1",
  "Cebpb",
  "ENSMUSG00000081535",
  "Ism1",
  "Tmprss6",
  "ENSMUSG00000089889",
  "Klhl6",
  "Klf4",
  "Ncrna00085",
  "Edn1",
  "Galntl2",
  "Ccl7",
  "Peli1",
  "2610002M06Rik",
  "Arrdc2",
  "Zdbf2",
  "Srf",
  "ENSMUSG00000086968",
  "Rps13",
  "Fam20a",
  "Tm6sf2",
  "Trp53inp1",
  "Odf2",
  "Srxn1",
  "4930538K18Rik",
  "Bag3",
  "Dok3",
  "Hist1h3d",
  "Kif1b",
  "Per1",
  "Ddit4l",
  "Mtor",
  "Sik1",
  "Cyr61",
  "Arrdc3",
  "Epb4.1l4b",
  "Dusp11",
  "Angpt2",
  "Coq10b",
  "Klf2",
  "Dclre1b",
  "1200016B10Rik",
  "Tlr7",
  "Nedd9",
  "Jakmip1",
  "3110082D06Rik",
  "Rasd1",
  "Sap30",
  "Zfp26",
  "Ch25h",
  "Adamts9",
  "Rhoj",
  "Ubr5",
  "Gatsl3",
  "Bhlhe40",
  "Fam83d",
  "Ccnd3",
  "Tpm3",
  "Zxdc",
  "Cttnbp2",
  "Pdyn",
  "Btaf1",
  "Dmkn",
  "Arrdc2",
  "Dclk1",
  "Amigo3",
  "Rem2",
  "9030624J02Rik",
  "Pdlim7",
  "Ippk",
  "1700029G01Rik",
  "Nde1",
  "Ing2",
  "1700102P08Rik",
  "Nuak2",
  "BC029214",
  "Cnp",
  "Ankib1",
  "Mknk2",
  "Cartpt",
  "Nfkbid",
  "Slc38a5",
  "Ppp4r1l-ps",
  "Bcor",
  "Ada",
  "Tmem49",
  "Alkbh3",
  "Lmo4",
  "Itpk1",
  "Akap14",
  "Prrt4",
  "Pex11b",
  "Mett11d1",
  "Gramd1b",
  "Dclk1",
  "Kcnf1",
  "Gucy1a3",
  "Pkp2",
  "1190005F20Rik",
  "Rgs1",
  "Ndufaf4",
  "Tubb6",
  "Clk1",
  "H13",
  "Mrpl51",
  "Arl4d",
  "Pdp1",
  "Tes",
  "Mettl6",
  "Tbx6",
  "P4ha1",
  "Chordc1",
  "Cfp",
  "3110049J23Rik",
  "Nptx2",
  "Lrrk2",
  "Alkbh3",
  "Fam78a",
  "Kcnd1",
  "Lyve1",
  "Nfkbia",
  "Mest",
  "Cspg5",
  "Kdm6b",
  "Pqlc1",
  "Tmem198",
  "ENSMUSG00000087313",
  "Sdpr",
  "Tubgcp2",
  "Ints12",
  "1190002H23Rik",
  "Sat1",
  "Gem",
  "Creld2",
  "ENSMUSG00000084013",
  "C030019I05Rik",
  "Atrip",
  "Htra1",
  "Suv420h1",
  "Prmt6",
  "Zmym1",
  "Nt5e",
  "Slco4a1",
  "Nipal3",
  "Glipr2",
  "Dlg5",
  "2700046A07Rik",
  "Galntl2",
  "Tmem82",
  "Rab3ip",
  "Nts",
  "Vegfa",
  "Arl5c",
  "Zfp36",
  "Cmtm3",
  "Ccl17",
  "Prrt3",
  "Hs3st1",
  "Eprs",
  "Gpsm1",
  "Zfp870",
  "Gpt2",
  "Fbxo30",
  "Wfikkn1",
  "1810011O10Rik",
  "Trpc2",
  "Maff",
  "Opalin",
  "Rhoj",
  "Ptpn6",
  "Glipr2",
  "Ctla2b",
  "Dnase1l2",
  "Inpp4a",
  "Gadd45b",
  "Vrk1"
)
